400 newchildren
300 poblators
1500 geners

4 [46 21 15 13 14]
[[6 1 1 1 1 1 1 1 1 1 1 1 1 1 1 1 1 1 1 0 1 1 1 1 1 6 1 1 1 1]
 [6 1 1 1 1 1 1 1 1 1 1 1 3 1 2 2 2 1 1 1 3 1 3 1 2 6 1 1 1 1]
 [1 1 1 1 1 1 1 1 1 1 4 1 6 1 1 1 1 4 1 2 1 1 0 1 1 1 1 1 1 1]
 [2 1 1 1 1 5 1 1 1 1 6 1 1 1 1 6 1 1 1 1 3 1 1 1 1 1 1 1 2 2]
 [1 4 1 4 1 1 1 1 1 1 1 1 1 1 1 1 1 1 1 1 1 0 2 1 1 1 1 1 1 1]
 [2 1 1 1 1 1 1 1 1 1 3 1 1 1 1 1 1 3 1 3 1 1 1 5 1 1 1 1 2 2]
 [1 1 1 1 1 1 1 1 1 1 1 1 1 1 1 1 1 1 1 1 1 3 1 6 1 1 1 1 1 1]
 [2 4 1 4 1 5 1 1 1 1 2 2 5 1 1 1 1 2 2 3 1 1 1 1 1 1 1 1 1 1]
 [1 1 1 1 1 1 1 1 1 1 1 6 1 1 1 1 1 1 1 1 1 1 1 2 2 3 1 2 4 1]
 [3 1 3 1 3 1 2 2 2 1 1 1 1 1 1 1 1 1 1 1 1 4 1 6 1 1 1 1 1 1]
 [1 1 1 1 1 1 1 1 1 4 1 1 1 1 1 1 1 1 1 1 1 1 1 6 1 1 1 1 1 1]
 [1 1 1 1 1 1 1 3 1 1 1 1 1 1 1 1 5 1 1 1 1 3 1 1 1 1 1 1 4 1]
 [1 1 1 1 1 4 1 1 1 1 1 5 1 1 1 1 1 1 1 1 1 1 1 1 1 1 1 1 1 1]
 [5 1 1 1 1 1 1 3 1 4 1 6 1 1 1 1 2 2 1 1 1 1 1 1 1 1 1 1 2 2]
 [1 1 1 1 1 1 1 1 1 1 1 1 1 1 1 1 1 1 1 1 1 1 1 5 1 1 1 1 1 1]
 [2 2 2 1 1 4 1 2 2 2 2 3 1 2 3 1 2 2 5 1 1 1 1 6 1 1 1 1 2 2]
 [0 1 1 4 1 1 1 1 1 1 1 1 1 1 1 1 1 1 1 1 1 1 1 1 1 1 1 1 1 1]
 [1 1 1 1 1 2 1 1 1 1 1 3 1 1 1 1 1 1 1 1 1 1 1 1 1 1 1 1 2 2]
 [2 4 1 3 1 1 1 1 1 1 1 1 1 1 1 1 1 1 1 1 1 1 1 1 1 1 1 1 1 1]
 [6 1 1 1 1 2 5 1 1 1 1 3 1 5 1 1 1 1 5 1 1 1 1 5 1 1 1 1 2 2]] 
